[
  { "Level": 1, "Tier1": 93.10, "Tier2": 6.90, "Tier3": 0.00, "Tier4": 0.00, "Tier5": 0.00 },
  { "Level": 2, "Tier1": 92.30, "Tier2": 7.70, "Tier3": 0.00, "Tier4": 0.00, "Tier5": 0.00 },
  { "Level": 3, "Tier1": 91.23, "Tier2": 8.77, "Tier3": 0.00, "Tier4": 0.00, "Tier5": 0.00 },
  { "Level": 4, "Tier1": 89.81, "Tier2": 10.19, "Tier3": 0.00, "Tier4": 0.00, "Tier5": 0.00 },
  { "Level": 5, "Tier1": 87.95, "Tier2": 12.04, "Tier3": 0.00, "Tier4": 0.00, "Tier5": 0.00 },
  { "Level": 6, "Tier1": 85.52, "Tier2": 14.47, "Tier3": 0.01, "Tier4": 0.00, "Tier5": 0.00 },
  { "Level": 7, "Tier1": 82.36, "Tier2": 17.63, "Tier3": 0.01, "Tier4": 0.00, "Tier5": 0.00 },
  { "Level": 8, "Tier1": 78.28, "Tier2": 21.69, "Tier3": 0.02, "Tier4": 0.00, "Tier5": 0.00 },
  { "Level": 9, "Tier1": 73.11, "Tier2": 26.85, "Tier3": 0.03, "Tier4": 0.01, "Tier5": 0.00 },
  { "Level": 10, "Tier1": 66.70, "Tier2": 33.23, "Tier3": 0.06, "Tier4": 0.01, "Tier5": 0.00 },
  { "Level": 11, "Tier1": 59.04, "Tier2": 40.84, "Tier3": 0.10, "Tier4": 0.02, "Tier5": 0.00 },
  { "Level": 12, "Tier1": 50.32, "Tier2": 49.49, "Tier3": 0.16, "Tier4": 0.03, "Tier5": 0.00 },
  { "Level": 13, "Tier1": 41.01, "Tier2": 58.68, "Tier3": 0.27, "Tier4": 0.04, "Tier5": 0.00 },
  { "Level": 14, "Tier1": 31.79, "Tier2": 67.73, "Tier3": 0.42, "Tier4": 0.06, "Tier5": 0.00 },
  { "Level": 15, "Tier1": 23.37, "Tier2": 75.91, "Tier3": 0.65, "Tier4": 0.08, "Tier5": 0.00 },
  { "Level": 16, "Tier1": 16.30, "Tier2": 82.64, "Tier3": 0.95, "Tier4": 0.11, "Tier5": 0.00 },
  { "Level": 17, "Tier1": 10.83, "Tier2": 87.67, "Tier3": 1.36, "Tier4": 0.14, "Tier5": 0.00 },
  { "Level": 18, "Tier1": 6.88, "Tier2": 91.04, "Tier3": 1.90, "Tier4": 0.19, "Tier5": 0.00 },
  { "Level": 19, "Tier1": 4.20, "Tier2": 92.99, "Tier3": 2.58, "Tier4": 0.24, "Tier5": 0.00 },
  { "Level": 20, "Tier1": 2.47, "Tier2": 93.79, "Tier3": 3.44, "Tier4": 0.30, "Tier5": 0.00 },
  { "Level": 21, "Tier1": 1.41, "Tier2": 93.69, "Tier3": 4.53, "Tier4": 0.37, "Tier5": 0.00 },
  { "Level": 22, "Tier1": 0.78, "Tier2": 92.89, "Tier3": 5.88, "Tier4": 0.46, "Tier5": 0.00 },
  { "Level": 23, "Tier1": 0.42, "Tier2": 91.48, "Tier3": 7.53, "Tier4": 0.57, "Tier5": 0.00 },
  { "Level": 24, "Tier1": 0.22, "Tier2": 89.54, "Tier3": 9.55, "Tier4": 0.69, "Tier5": 0.00 },
  { "Level": 25, "Tier1": 0.11, "Tier2": 87.09, "Tier3": 11.96, "Tier4": 0.84, "Tier5": 0.00 },
  { "Level": 26, "Tier1": 0.05, "Tier2": 84.14, "Tier3": 14.79, "Tier4": 1.02, "Tier5": 0.00 },
  { "Level": 27, "Tier1": 0.03, "Tier2": 80.69, "Tier3": 18.07, "Tier4": 1.22, "Tier5": 0.00 },
  { "Level": 28, "Tier1": 0.01, "Tier2": 76.78, "Tier3": 21.77, "Tier4": 1.45, "Tier5": 0.00 },
  { "Level": 29, "Tier1": 0.01, "Tier2": 72.43, "Tier3": 25.86, "Tier4": 1.70, "Tier5": 0.00 },
  { "Level": 30, "Tier1": 0.00, "Tier2": 67.73, "Tier3": 30.28, "Tier4": 1.99, "Tier5": 0.00 },
  { "Level": 31, "Tier1": 0.00, "Tier2": 62.76, "Tier3": 34.94, "Tier4": 2.30, "Tier5": 0.00 },
  { "Level": 32, "Tier1": 0.00, "Tier2": 57.62, "Tier3": 39.74, "Tier4": 2.64, "Tier5": 0.00 },
  { "Level": 33, "Tier1": 0.00, "Tier2": 52.45, "Tier3": 44.55, "Tier4": 3.00, "Tier5": 0.00 },
  { "Level": 34, "Tier1": 0.00, "Tier2": 47.36, "Tier3": 49.26, "Tier4": 3.38, "Tier5": 0.00 },
  { "Level": 35, "Tier1": 0.00, "Tier2": 42.44, "Tier3": 53.77, "Tier4": 3.79, "Tier5": 0.00 },
  { "Level": 36, "Tier1": 0.00, "Tier2": 37.79, "Tier3": 58.00, "Tier4": 4.21, "Tier5": 0.00 },
  { "Level": 37, "Tier1": 0.00, "Tier2": 33.47, "Tier3": 61.87, "Tier4": 4.66, "Tier5": 0.00 },
  { "Level": 38, "Tier1": 0.00, "Tier2": 29.51, "Tier3": 65.36, "Tier4": 5.13, "Tier5": 0.00 },
  { "Level": 39, "Tier1": 0.00, "Tier2": 25.94, "Tier3": 68.43, "Tier4": 5.63, "Tier5": 0.00 },
  { "Level": 40, "Tier1": 0.00, "Tier2": 22.75, "Tier3": 71.09, "Tier4": 6.16, "Tier5": 0.00 },
  { "Level": 41, "Tier1": 0.00, "Tier2": 19.92, "Tier3": 73.34, "Tier4": 6.74, "Tier5": 0.00 },
  { "Level": 42, "Tier1": 0.00, "Tier2": 17.43, "Tier3": 75.20, "Tier4": 7.37, "Tier5": 0.00 },
  { "Level": 43, "Tier1": 0.00, "Tier2": 15.26, "Tier3": 76.68, "Tier4": 8.05, "Tier5": 0.00 },
  { "Level": 44, "Tier1": 0.00, "Tier2": 13.37, "Tier3": 77.82, "Tier4": 8.81, "Tier5": 0.00 },
  { "Level": 45, "Tier1": 0.00, "Tier2": 11.72, "Tier3": 78.63, "Tier4": 9.65, "Tier5": 0.00 },
  { "Level": 46, "Tier1": 0.00, "Tier2": 10.29, "Tier3": 79.12, "Tier4": 10.58, "Tier5": 0.01 },
  { "Level": 47, "Tier1": 0.00, "Tier2": 9.06, "Tier3": 79.31, "Tier4": 11.62, "Tier5": 0.01 },
  { "Level": 48, "Tier1": 0.00, "Tier2": 7.98, "Tier3": 79.21, "Tier4": 12.79, "Tier5": 0.01 },
  { "Level": 49, "Tier1": 0.00, "Tier2": 7.05, "Tier3": 78.83, "Tier4": 14.11, "Tier5": 0.02 },
  { "Level": 50, "Tier1": 0.00, "Tier2": 6.24, "Tier3": 78.15, "Tier4": 15.59, "Tier5": 0.02 },
  { "Level": 51, "Tier1": 0.00, "Tier2": 5.53, "Tier3": 77.19, "Tier4": 17.26, "Tier5": 0.03 },
  { "Level": 52, "Tier1": 0.00, "Tier2": 4.91, "Tier3": 75.93, "Tier4": 19.13, "Tier5": 0.04 },
  { "Level": 53, "Tier1": 0.00, "Tier2": 4.36, "Tier3": 74.36, "Tier4": 21.23, "Tier5": 0.06 },
  { "Level": 54, "Tier1": 0.00, "Tier2": 3.88, "Tier3": 72.47, "Tier4": 23.57, "Tier5": 0.08 },
  { "Level": 55, "Tier1": 0.00, "Tier2": 3.45, "Tier3": 70.26, "Tier4": 26.18, "Tier5": 0.11 },
  { "Level": 56, "Tier1": 0.00, "Tier2": 3.07, "Tier3": 67.71, "Tier4": 29.07, "Tier5": 0.16 },
  { "Level": 57, "Tier1": 0.00, "Tier2": 2.72, "Tier3": 64.82, "Tier4": 32.25, "Tier5": 0.22 },
  { "Level": 58, "Tier1": 0.00, "Tier2": 2.41, "Tier3": 61.59, "Tier4": 35.70, "Tier5": 0.30 },
  { "Level": 59, "Tier1": 0.00, "Tier2": 2.13, "Tier3": 58.04, "Tier4": 39.42, "Tier5": 0.41 },
  { "Level": 60, "Tier1": 0.00, "Tier2": 1.88, "Tier3": 54.20, "Tier4": 43.36, "Tier5": 0.55 },
  { "Level": 61, "Tier1": 0.00, "Tier2": 1.65, "Tier3": 50.11, "Tier4": 47.49, "Tier5": 0.75 },
  { "Level": 62, "Tier1": 0.00, "Tier2": 1.44, "Tier3": 45.83, "Tier4": 51.74, "Tier5": 1.00 },
  { "Level": 63, "Tier1": 0.00, "Tier2": 1.25, "Tier3": 41.42, "Tier4": 56.01, "Tier5": 1.33 },
  { "Level": 64, "Tier1": 0.00, "Tier2": 1.07, "Tier3": 36.96, "Tier4": 60.21, "Tier5": 1.75 },
  { "Level": 65, "Tier1": 0.00, "Tier2": 0.92, "Tier3": 32.56, "Tier4": 64.24, "Tier5": 2.28 },
  { "Level": 66, "Tier1": 0.00, "Tier2": 0.78, "Tier3": 28.29, "Tier4": 67.99, "Tier5": 2.94 },
  { "Level": 67, "Tier1": 0.00, "Tier2": 0.65, "Tier3": 24.24, "Tier4": 71.36, "Tier5": 3.75 },
  { "Level": 68, "Tier1": 0.00, "Tier2": 0.54, "Tier3": 20.48, "Tier4": 74.25, "Tier5": 4.73 },
  { "Level": 69, "Tier1": 0.00, "Tier2": 0.45, "Tier3": 17.06, "Tier4": 76.59, "Tier5": 5.90 },
  { "Level": 70, "Tier1": 0.00, "Tier2": 0.37, "Tier3": 14.01, "Tier4": 78.34, "Tier5": 7.28 },
  { "Level": 71, "Tier1": 0.00, "Tier2": 0.30, "Tier3": 11.35, "Tier4": 79.47, "Tier5": 8.88 },
  { "Level": 72, "Tier1": 0.00, "Tier2": 0.24, "Tier3": 9.07, "Tier4": 79.97, "Tier5": 10.72 },
  { "Level": 73, "Tier1": 0.00, "Tier2": 0.19, "Tier3": 7.15, "Tier4": 79.84, "Tier5": 12.82 },
  { "Level": 74, "Tier1": 0.00, "Tier2": 0.15, "Tier3": 5.56, "Tier4": 79.12, "Tier5": 15.17 },
  { "Level": 75, "Tier1": 0.00, "Tier2": 0.12, "Tier3": 4.27, "Tier4": 77.83, "Tier5": 17.77 },
  { "Level": 76, "Tier1": 0.00, "Tier2": 0.09, "Tier3": 3.24, "Tier4": 76.04, "Tier5": 20.63 },
  { "Level": 77, "Tier1": 0.00, "Tier2": 0.07, "Tier3": 2.43, "Tier4": 73.78, "Tier5": 23.72 },
  { "Level": 78, "Tier1": 0.00, "Tier2": 0.06, "Tier3": 1.80, "Tier4": 71.12, "Tier5": 27.03 },
  { "Level": 79, "Tier1": 0.00, "Tier2": 0.04, "Tier3": 1.32, "Tier4": 68.11, "Tier5": 30.53 },
  { "Level": 80, "Tier1": 0.00, "Tier2": 0.03, "Tier3": 0.95, "Tier4": 64.83, "Tier5": 34.18 },
  { "Level": 81, "Tier1": 0.00, "Tier2": 0.03, "Tier3": 0.68, "Tier4": 61.35, "Tier5": 37.95 },
  { "Level": 82, "Tier1": 0.00, "Tier2": 0.02, "Tier3": 0.48, "Tier4": 57.71, "Tier5": 41.79 },
  { "Level": 83, "Tier1": 0.00, "Tier2": 0.01, "Tier3": 0.34, "Tier4": 54.00, "Tier5": 45.65 },
  { "Level": 84, "Tier1": 0.00, "Tier2": 0.01, "Tier3": 0.23, "Tier4": 50.27, "Tier5": 49.49 },
  { "Level": 85, "Tier1": 0.00, "Tier2": 0.01, "Tier3": 0.16, "Tier4": 46.57, "Tier5": 53.26 },
  { "Level": 86, "Tier1": 0.00, "Tier2": 0.01, "Tier3": 0.11, "Tier4": 42.96, "Tier5": 56.93 },
  { "Level": 87, "Tier1": 0.00, "Tier2": 0.00, "Tier3": 0.07, "Tier4": 39.47, "Tier5": 60.45 },
  { "Level": 88, "Tier1": 0.00, "Tier2": 0.00, "Tier3": 0.05, "Tier4": 36.14, "Tier5": 63.81 },
  { "Level": 89, "Tier1": 0.00, "Tier2": 0.00, "Tier3": 0.03, "Tier4": 32.98, "Tier5": 66.99 },
  { "Level": 90, "Tier1": 0.00, "Tier2": 0.00, "Tier3": 0.02, "Tier4": 30.02, "Tier5": 69.96 },
  { "Level": 91, "Tier1": 0.00, "Tier2": 0.00, "Tier3": 0.01, "Tier4": 27.27, "Tier5": 72.72 },
  { "Level": 92, "Tier1": 0.00, "Tier2": 0.00, "Tier3": 0.01, "Tier4": 24.73, "Tier5": 75.26 },
  { "Level": 93, "Tier1": 0.00, "Tier2": 0.00, "Tier3": 0.01, "Tier4": 22.39, "Tier5": 77.60 },
  { "Level": 94, "Tier1": 0.00, "Tier2": 0.00, "Tier3": 0.00, "Tier4": 20.26, "Tier5": 79.74 },
  { "Level": 95, "Tier1": 0.00, "Tier2": 0.00, "Tier3": 0.00, "Tier4": 18.31, "Tier5": 81.68 },
  { "Level": 96, "Tier1": 0.00, "Tier2": 0.00, "Tier3": 0.00, "Tier4": 16.55, "Tier5": 83.44 },
  { "Level": 97, "Tier1": 0.00, "Tier2": 0.00, "Tier3": 0.00, "Tier4": 14.96, "Tier5": 85.04 },
  { "Level": 98, "Tier1": 0.00, "Tier2": 0.00, "Tier3": 0.00, "Tier4": 13.53, "Tier5": 86.47 },
  { "Level": 99, "Tier1": 0.00, "Tier2": 0.00, "Tier3": 0.00, "Tier4": 12.24, "Tier5": 87.76 },
  { "Level": 100, "Tier1": 0.00, "Tier2": 0.00, "Tier3": 0.00, "Tier4": 11.09, "Tier5": 88.91 }
]